5.20	27.04	140.61	731.16	 3802.04	  -17176.61
9.30	86.49	804.36	7480.52	 69568.84     -375526.44
11.90	141.61	1685.16	20053.39 238635.37    -1341697.66
-9.06	82.08	-743.68	6737.72	 -61043.72    455283.81
1.43	2.04	2.92	4.17	 5.96         59.96
-3.90	15.22	-59.36	231.58	 -903.40      8245.14
3.10	9.61	29.79	92.35	 286.29       -786.46
9.01	81.18	731.43	6590.21	 59377.78     -318522.38
14.39	207.07	2979.77	42878.85 617026.72	  -3553372.68
-2.99	8.95	-26.76	80.03	 -239.38	  2444.18
4.10	16.81	68.92	282.58	 1158.56	  -4513.20
10.01	100.20	1003.00	10040.06 100501.00	  -549881.83